4 1040 253 -704 68 17536
3 864 253 -768 68 17568
3 976 253 -768 68 17616
3 960 253 -576 68 17616
3 944 253 -736 68 17648
3 768 251 -1216 67 17152
1 336 253 -736 65 16816
6 1744 254 -432 67 17248
3 784 254 -352 68 17600
0 176 255 -112 63 16352
3 768 252 -784 68 17472
3 880 252 -816 68 17552
1 384 252 -1008 68 17616
1 272 252 -1008 69 17856
0 144 254 -496 67 17344
0 80 254 -320 68 17504
0 176 252 -944 68 17552
1 304 253 -704 68 17568
255 -96 250 -1392 68 17456
1 480 247 -2144 66 16912
255 -96 244 -2896 61 15632
254 -400 245 -2784 44 11456
249 -1728 250 -1440 48 12496
253 -704 250 -1504 42 10928
247 -2240 1 448 80 20560
247 -2080 10 2576 84 21712
245 -2592 14 3584 87 22480
249 -1728 12 3168 61 15840
246 -2352 15 3904 69 17808
248 -1984 14 3728 68 17504
249 -1776 21 5536 64 16384
248 -1952 26 6656 64 16416
248 -1968 29 7456 62 16080
246 -2368 29 7504 61 15680
246 -2400 32 8320 60 15584
246 -2336 32 8384 60 15488
246 -2368 31 8128 60 15408
247 -2176 31 7936 59 15344
246 -2400 31 7952 60 15504
244 -2896 30 7840 62 16016
247 -2160 30 7744 111 28480
248 -1968 19 5040 70 18048
250 -1296 7 2000 78 20096
250 -1472 2 736 66 16976
250 -1392 0 16 56 14576
251 -1280 251 -1088 55 14208
252 -960 250 -1360 59 15168
252 -880 249 -1680 64 16528
251 -1232 250 -1296 63 16256
248 -2016 1 272 68 17584
253 -736 253 -560 66 16976
255 -176 255 -192 70 18112
253 -656 253 -576 69 17888
252 -800 0 80 68 17488
253 -544 255 -96 68 17552
254 -320 255 -160 69 17904
254 -368 254 -368 69 17712
253 -704 250 -1408 68 17536
254 -336 244 -2832 59 15216
253 -624 252 -912 64 16592
254 -432 1 400 57 14592
252 -848 250 -1536 46 11840
4 1264 0 112 66 16992
3 768 6 1680 78 20128
252 -864 15 3984 74 18960
252 -1008 27 6944 87 22320
249 -1648 28 7184 64 16544
252 -1008 29 7600 62 15904
255 -144 32 8336 63 16304
254 -432 33 8544 60 15376
253 -576 35 9024 57 14832
254 -512 36 9456 58 15008
253 -576 36 9328 57 14608
253 -560 35 9040 57 14800
253 -592 34 8928 59 15104
253 -608 35 8960 58 15088
253 -608 34 8912 59 15248
251 -1040 32 8320 60 15488
251 -1056 31 8128 63 16256
252 -864 36 9216 69 17824
254 -480 24 6384 79 20400
255 -64 11 2816 81 20736
0 64 9 2432 75 19440
0 128 4 1056 60 15408
254 -384 1 416 53 13792
250 -1424 253 -528 50 12992
255 -64 247 -2080 58 14976
254 -496 252 -992 69 17712
251 -1104 250 -1328 66 17072
252 -944 3 944 69 17792
250 -1296 3 912 68 17552
252 -816 2 576 70 18064
253 -720 5 1424 71 18176
251 -1168 255 -96 70 17952
252 -864 0 32 68 17408
250 -1328 254 -448 68 17552
251 -1152 254 -480 68 17456
252 -816 255 -176 69 17696
251 -1232 253 -656 68 17616
254 -512 253 -720 68 17552
251 -1280 246 -2544 60 15536
1 256 252 -800 43 11184
255 -208 254 -272 48 12352
250 -1360 10 2656 64 16624
0 112 9 2448 84 21632
255 -176 23 6048 90 23088
252 -960 26 6896 82 21120
251 -1200 21 5472 63 16368
250 -1456 23 5984 66 16976
249 -1552 25 6544 62 15936
249 -1664 32 8336 63 16192
248 -1808 33 8640 59 15280
247 -2240 34 8928 60 15456
246 -2512 35 8960 58 14864
246 -2448 33 8576 58 15072
246 -2320 31 8048 60 15456
246 -2448 31 8016 61 15632
241 -3632 30 7696 70 18080
250 -1488 40 10416 89 22960
251 -1072 15 3888 70 18128
253 -560 13 3504 76 19472
253 -672 8 2192 69 17728
252 -864 253 -640 57 14736
254 -368 2 544 51 13296
252 -928 250 -1504 57 14736
247 -2096 1 448 64 16512
247 -2224 247 -2064 60 15536
250 -1344 253 -720 67 17280
253 -736 3 1008 70 17920
252 -992 0 64 69 17792
251 -1120 4 1216 69 17856
252 -896 1 336 68 17584
252 -832 2 672 68 17616
252 -960 2 688 69 17824
252 -848 255 -112 68 17648
253 -560 252 -960 67 17328
252 -848 247 -2080 62 16016
249 -1648 255 -144 54 14048
244 -3056 20 5328 45 11632
255 -32 4 1136 57 14608
250 -1344 3 944 52 13392
253 -720 9 2400 75 19408
254 -448 25 6640 100 25792
250 -1328 26 6688 75 19440
252 -880 19 4880 63 16272
249 -1728 18 4768 68 17648
249 -1600 24 6336 66 17120
250 -1488 28 7280 62 15968
249 -1680 29 7536 63 16144
251 -1200 29 7440 62 16112
249 -1552 31 7952 62 16016
248 -1824 28 7296 62 15920
250 -1392 30 7744 64 16608
253 -624 43 11120 96 24816
253 -640 13 3440 69 17744
0 192 9 2416 76 19664
255 -256 7 2016 70 17968
252 -848 255 -48 67 17328
253 -624 250 -1392 55 14272
250 -1456 255 -160 55 14240
249 -1632 2 576 60 15504
253 -544 251 -1232 63 16128
253 -640 255 -80 67 17248
255 -240 255 -160 71 18384
253 -544 255 -192 70 17936
253 -688 1 448 69 17728
253 -672 1 400 69 17680
253 -720 1 320 69 17744
252 -1008 252 -944 67 17328
252 -784 248 -1808 64 16560
250 -1472 251 -1248 51 13264
255 -48 251 -1040 51 13184
248 -1872 5 1488 58 15056
2 720 253 -768 81 20896
253 -656 22 5664 72 18592
248 -1872 15 4080 89 22960
251 -1232 22 5856 73 18880
249 -1680 19 5072 60 15568
250 -1488 18 4608 68 17536
250 -1328 24 6288 66 17056
249 -1648 26 6896 64 16384
247 -2096 24 6352 64 16416
248 -1856 24 6144 64 16432
248 -2000 25 6464 64 16448
248 -1984 24 6288 64 16592
247 -2224 22 5840 64 16576
246 -2368 26 6848 61 15792
249 -1696 35 9088 94 24144
254 -416 17 4480 82 21040
255 -16 11 2992 77 19776
253 -624 8 2112 65 16656
254 -304 0 224 59 15296
251 -1200 253 -752 58 14864
247 -2096 255 -208 55 14288
248 -1808 250 -1328 62 15952
248 -1808 0 0 68 17648
251 -1136 1 368 68 17456
251 -1040 4 1104 68 17472
252 -1008 2 592 70 17920
253 -592 2 560 70 18016
251 -1200 252 -1008 66 17136
249 -1744 250 -1360 70 18160
251 -1232 4 1040 54 13904
0 16 252 -880 58 15008
255 -48 253 -656 57 14608
250 -1296 1 464 65 16752
251 -1232 13 3360 75 19392
247 -2144 15 3840 80 20624
252 -880 20 5168 80 20624
252 -960 20 5216 66 17024
250 -1408 20 5168 68 17648
249 -1680 23 6096 66 17024
247 -2064 26 6720 62 16064
248 -1840 24 6352 63 16368
248 -1936 26 6848 63 16336
247 -2080 28 7232 63 16128
248 -2048 27 7104 62 16000
247 -2112 27 6944 62 16096
247 -2080 28 7408 63 16272
249 -1728 29 7568 81 20880
247 -2224 17 4592 85 21968
250 -1296 10 2736 80 20496
250 -1536 13 3376 68 17440
249 -1696 253 -704 61 15632
250 -1424 249 -1568 60 15392
251 -1056 4 1040 63 16352
249 -1728 252 -992 56 14544
248 -1936 255 -144 65 16848
251 -1248 1 496 71 18304
250 -1376 253 -752 67 17344
251 -1104 0 192 69 17744
251 -1168 252 -912 69 17872
252 -832 253 -752 68 17600
251 -1104 0 176 68 17616
251 -1040 3 784 68 17648
251 -1104 0 192 68 17600
253 -736 252 -912 68 17472
253 -576 253 -672 64 16512
244 -3024 5 1488 43 11152
1 304 1 416 48 12368
246 -2544 249 -1744 33 8480
253 -640 19 5104 81 20880
255 -144 20 5184 101 25904
253 -672 22 5872 82 21040
249 -1600 27 7040 63 16352
249 -1680 31 7984 67 17280
247 -2192 32 8304 60 15360
248 -1936 35 9088 58 14992
245 -2608 38 9856 54 13936
246 -2400 36 9440 55 14192
249 -1552 38 9872 62 15984
250 -1376 34 8704 59 15104
248 -1968 31 7968 61 15632
248 -2048 35 9088 62 16096
251 -1184 31 8064 97 24848
251 -1216 23 5936 75 19296
249 -1552 8 2064 76 19504
248 -1984 3 912 59 15280
251 -1152 1 416 62 16096
252 -848 248 -1952 57 14736
253 -672 249 -1680 56 14352
249 -1616 0 32 59 15248
249 -1600 6 1760 72 18512
248 -1936 255 -176 70 18096
250 -1504 1 336 67 17232
251 -1280 254 -432 69 17664
251 -1040 0 48 69 17904
252 -928 254 -336 71 18192
252 -1008 253 -720 69 17888
252 -976 249 -1728 66 16912
250 -1488 1 256 69 17856
251 -1088 242 -3504 50 12864
3 960 8 2272 57 14592
3 880 246 -2384 53 13600
250 -1488 4 1088 69 17904
249 -1760 8 2224 84 21712
243 -3168 24 6192 104 26704
250 -1520 22 5824 67 17264
250 -1376 21 5520 64 16624
246 -2432 18 4736 65 16656
247 -2144 27 6912 65 16736
247 -2080 31 7984 59 15248
245 -2656 31 7968 62 16016
247 -2144 30 7904 61 15680
246 -2320 30 7808 61 15776
247 -2128 28 7408 63 16272
246 -2400 27 7056 61 15616
245 -2576 28 7216 62 16096
243 -3248 31 8000 61 15680
248 -2048 28 7296 81 20880
249 -1776 7 1824 75 19376
252 -912 3 848 74 19008
254 -464 253 -656 69 17824
255 -256 251 -1104 64 16416
252 -816 249 -1696 60 15520
250 -1312 251 -1152 54 13856
250 -1328 251 -1056 64 16528
246 -2416 251 -1040 61 15792
251 -1088 253 -656 68 17536
250 -1296 2 624 68 17600
251 -1280 0 224 69 17792
251 -1184 255 -240 68 17584
251 -1040 255 -144 69 17824
250 -1488 246 -2528 64 16416
252 -944 248 -1840 69 17888
248 -1936 253 -640 38 9936
3 944 244 -2912 57 14720
249 -1728 4 1024 45 11728
247 -2256 4 1152 104 26768
254 -272 18 4656 88 22736
241 -3792 30 7696 80 20672
247 -2192 22 5808 65 16816
246 -2368 19 4944 62 16016
242 -3360 28 7392 66 17088
246 -2560 31 8000 60 15424
244 -2864 31 8160 59 15328
245 -2800 32 8208 59 15216
245 -2640 32 8272 59 15120
244 -2976 31 8080 59 15232
244 -2976 33 8512 60 15552
243 -3136 32 8432 59 15168
243 -3184 31 8128 61 15776
240 -3920 28 7376 87 22336
246 -2512 20 5280 75 19264
249 -1616 4 1104 77 19856
251 -1280 1 288 77 19776
247 -2128 3 784 54 13952
249 -1600 251 -1152 53 13808
254 -480 248 -1856 58 15040
252 -960 255 -64 60 15600
251 -1104 250 -1296 66 17088
251 -1136 251 -1040 69 17680
251 -1200 255 -176 67 17216
251 -1056 250 -1456 68 17568
252 -864 254 -304 70 18048
252 -1008 249 -1552 68 17552
252 -976 5 1440 67 17248
254 -400 235 -5328 74 19120
253 -640 8 2240 60 15536
252 -944 250 -1472 66 16976
2 560 235 -5152 59 15248
255 -16 251 -1088 48 12464
254 -416 252 -912 45 11648
252 -880 2 656 69 17888
0 208 11 3008 78 20096
253 -576 16 4240 82 21232
252 -896 2 592 79 20368
253 -544 16 4112 75 19408
253 -752 12 3168 67 17184
252 -800 13 3424 68 17648
249 -1568 17 4416 69 17872
246 -2512 19 4976 65 16656
246 -2480 21 5472 66 16976
246 -2544 22 5760 65 16736
245 -2608 22 5760 64 16592
245 -2608 23 5984 64 16624
245 -2736 22 5632 67 17312
243 -3264 22 5760 63 16368
241 -3744 22 5824 64 16528
240 -3872 23 5968 70 18048
240 -3920 17 4576 93 23856
245 -2704 15 4032 70 18064
251 -1264 14 3600 81 20784
251 -1056 1 384 70 17936
250 -1360 252 -960 64 16560
254 -512 254 -512 61 15616
250 -1296 255 -80 63 16272
251 -1072 250 -1296 68 17472
250 -1296 3 768 64 16464
252 -784 0 48 68 17568
254 -496 3 816 68 17488
254 -288 5 1312 68 17584
254 -304 0 176 70 18128
254 -320 254 -448 68 17616
0 208 245 -2624 63 16336
254 -352 245 -2800 64 16512
252 -848 10 2624 34 8896
249 -1696 251 -1232 44 11504
251 -1088 255 -48 81 20976
255 -128 17 4448 90 23072
247 -2144 22 5760 86 22160
248 -1808 17 4480 73 18912
245 -2688 22 5792 64 16512
244 -2992 17 4480 63 16320
246 -2560 21 5536 67 17248
247 -2256 25 6592 64 16528
247 -2192 24 6208 64 16576
247 -2272 22 5872 64 16624
247 -2288 24 6256 63 16336
246 -2368 24 6384 64 16560
246 -2544 23 6128 65 16656
244 -2832 24 6160 66 16896
242 -3344 24 6320 69 17680
242 -3472 30 7840 79 20336
245 -2608 6 1696 76 19488
251 -1184 5 1328 79 20352
247 -2080 0 240 56 14416
253 -656 251 -1088 57 14624
250 -1328 250 -1296 58 14848
252 -944 251 -1200 62 16064
251 -1104 248 -1888 67 17328
254 -320 254 -464 69 17808
252 -784 253 -752 69 17808
254 -336 253 -576 71 18192
253 -528 253 -656 67 17328
252 -832 251 -1248 69 17872
251 -1104 246 -2512 65 16848
254 -416 241 -3648 57 14624
0 192 4 1104 46 11920
249 -1760 2 528 60 15488
250 -1392 254 -320 79 20320
242 -3408 255 -80 70 18128
246 -2544 19 5056 93 24048
251 -1168 19 4928 64 16608
251 -1056 20 5248 65 16880
250 -1536 19 4992 69 17680
245 -2656 25 6640 63 16192
244 -2880 29 7664 61 15808
243 -3264 25 6640 62 16032
244 -3008 23 6016 63 16256
243 -3264 24 6304 63 16240
243 -3136 28 7216 63 16208
242 -3344 25 6624 62 16080
242 -3536 25 6416 63 16256
243 -3296 31 8080 74 19152
241 -3776 25 6640 80 20608
246 -2448 2 528 74 19152
251 -1248 1 368 73 18752
251 -1168 254 -496 61 15648
251 -1136 0 208 60 15408
252 -784 255 -256 61 15648
253 -704 252 -896 61 15760
255 -256 247 -2256 61 15760
253 -560 249 -1552 63 16144
254 -496 0 224 69 17728
253 -752 0 16 71 18304
253 -560 253 -576 68 17456
254 -464 251 -1232 70 17936
252 -848 251 -1104 68 17536
253 -640 250 -1424 69 17744
255 -64 250 -1360 63 16208
253 -560 249 -1728 37 9584
251 -1152 250 -1392 49 12608
246 -2400 251 -1280 63 16208
249 -1568 11 3008 91 23504
247 -2208 5 1488 72 18464
244 -2960 13 3472 78 20000
245 -2640 15 4048 62 16064
244 -3072 17 4512 65 16752
243 -3248 27 6912 67 17360
244 -2896 26 6736 61 15776
244 -2848 29 7552 61 15824
246 -2512 32 8208 63 16144
245 -2576 30 7888 62 16000
245 -2704 28 7216 62 15952
245 -2800 26 6784 63 16144
243 -3200 28 7312 59 15184
252 -896 32 8272 87 22464
245 -2816 8 2240 71 18320
250 -1328 3 800 73 18800
252 -880 252 -912 63 16256
250 -1456 255 -176 58 15072
254 -400 250 -1520 60 15600
250 -1360 249 -1584 59 15280
254 -384 251 -1200 64 16384
253 -736 0 32 69 17680
251 -1136 254 -432 68 17648
253 -576 0 32 68 17536
253 -688 253 -640 69 17680
252 -800 255 -240 69 17792
254 -512 251 -1072 69 17712
254 -384 247 -2144 66 16912
255 -176 253 -624 60 15552
254 -400 10 2624 26 6752
9 2464 250 -1360 61 15824
246 -2480 3 784 74 18960
250 -1312 2 752 81 20864
251 -1136 18 4688 83 21376
251 -1264 32 8224 84 21520
248 -2048 25 6512 55 14320
247 -2080 28 7392 65 16848
249 -1728 31 8176 65 16864
248 -1952 33 8480 58 15024
246 -2464 35 9168 58 15040
245 -2608 35 9168 57 14736
248 -1984 33 8688 59 15312
246 -2352 31 8176 60 15408
244 -2960 29 7616 60 15472
254 -304 40 10352 91 23424
243 -3216 19 4896 68 17504
249 -1600 11 2832 74 19008
252 -976 3 848 67 17280
255 -192 255 -16 60 15600
253 -752 255 -48 49 12544
249 -1584 249 -1648 60 15376
254 -432 251 -1056 63 16128
253 -576 253 -688 62 15952
250 -1360 0 224 69 17696
253 -720 1 368 70 17936
253 -672 255 -48 69 17680
253 -736 252 -880 69 17808
253 -704 252 -832 68 17536
254 -480 249 -1680 67 17216
254 -352 253 -656 70 17920
252 -832 240 -4080 62 16000
2 704 246 -2512 35 9072
249 -1744 250 -1328 62 16080
249 -1584 255 -48 72 18576
250 -1440 13 3424 77 19728
251 -1088 15 3872 78 20128
254 -512 22 5760 84 21744
251 -1088 24 6144 60 15600
251 -1184 23 5968 64 16432
248 -1824 31 8048 63 16224
248 -1808 33 8448 59 15136
248 -1872 33 8624 59 15120
248 -1872 32 8384 61 15744
249 -1760 31 8000 61 15856
247 -2096 27 7152 61 15696
247 -2112 30 7904 67 17232
246 -2320 34 8832 91 23360
250 -1456 8 2240 81 20928
255 -256 5 1520 75 19200
253 -592 1 320 58 14960
252 -992 247 -2176 50 12992
249 -1696 252 -944 60 15392
253 -720 243 -3200 53 13632
250 -1520 252 -784 67 17152
253 -768 253 -528 65 16688
253 -624 247 -2128 65 16848
252 -816 1 256 69 17856
252 -960 252 -784 68 17552
251 -1072 255 -16 68 17568
253 -624 246 -2416 66 17024
252 -784 248 -1808 63 16272
4 1248 243 -3152 34 8880
252 -944 10 2560 59 15184
248 -1888 5 1328 65 16784
251 -1232 0 0 81 20864
253 -624 2 640 78 20208
250 -1424 15 3984 85 21808
253 -528 17 4464 71 18256
251 -1120 15 3952 63 16336
250 -1344 16 4304 70 17920
246 -2352 24 6256 65 16784
246 -2480 28 7408 59 15344
243 -3216 28 7392 62 16112
244 -2880 27 7152 61 15776
244 -2880 27 7152 61 15824
241 -3760 31 8160 65 16848
242 -3344 23 6128 80 20720
244 -2992 9 2304 80 20608
248 -1824 6 1584 71 18336
252 -992 252 -848 61 15856
252 -816 251 -1088 59 15232
250 -1472 4 1168 60 15504
252 -896 255 -48 61 15664
249 -1664 1 336 65 16688
250 -1296 252 -1008 70 18112
253 -592 1 416 68 17648
252 -816 2 544 68 17552
253 -624 0 240 69 17712
254 -496 2 656 68 17600
252 -832 3 848 69 17872
252 -944 253 -592 67 17264
254 -400 249 -1792 65 16704
255 -224 241 -3600 45 11568
251 -1152 255 -128 51 13120
6 1552 252 -928 55 14240
246 -2512 1 480 65 16656
249 -1600 7 1904 87 22464
238 -4560 23 5952 99 25536
244 -2896 23 5888 70 18112
246 -2480 24 6320 59 15328
242 -3376 22 5776 65 16832
245 -2800 25 6464 63 16336
245 -2736 25 6480 62 16016
243 -3152 24 6304 62 16080
244 -3056 25 6544 61 15856
242 -3488 25 6624 64 16560
243 -3152 32 8224 95 24544
247 -2240 7 1968 79 20368
246 -2480 11 2960 73 18704
246 -2432 4 1200 68 17600
250 -1360 1 336 65 16784
254 -496 251 -1152 57 14832
2 656 255 -64 61 15680
255 -160 253 -656 62 15952
255 -16 255 -80 67 17296
1 384 3 832 66 16928
0 48 252 -816 67 17168
1 448 1 416 69 17792
1 320 255 -80 69 17840
1 304 1 384 67 17376
1 272 0 176 68 17424
1 400 1 256 68 17536
4 1088 251 -1136 67 17312
3 912 0 144 70 17920
1 448 7 2000 68 17632
253 -688 6 1552 64 16448
255 -256 3 992 68 17536
0 32 1 416 69 17680
1 272 1 320 68 17456
1 432 2 720 69 17696
2 576 3 880 67 17360
1 400 3 784 68 17600
1 336 2 560 68 17536
1 432 1 432 68 17584
1 432 2 576 69 17664
1 368 1 496 68 17520
1 336 1 496 69 17728
1 256 1 368 69 17824
1 272 1 496 68 17648
1 288 1 464 68 17472
1 320 2 560 69 17680
1 288 2 528 68 17600
0 208 1 448 69 17664
0 240 1 384 68 17584
1 384 2 528 68 17552
1 272 1 336 69 17696
0 208 1 336 69 17680
1 288 1 384 68 17488
1 272 1 384 68 17616
0 192 0 176 68 17616
1 288 1 400 68 17616
1 384 1 336 68 17616
